0000Train
48*35
3.1795*5.0883|0|0
-220,-30
Border: Solid




0

1|0|0|0|1|1|1|1|1|1|1|1|1|1|2|0|1|0|1|0|2|1|1|1|1|1|1|1|1|1|1|0|0|0|1|1|0|0|0|1|1|1|1|1|1|1|1|1|1|0|0|1|0|1|0|0|1|1|1|1|1|1|1|1|1|1|0|0|0|1|1|0|0|0|1|1|1|1|1|1|1|1|1|1|0|0|1|0|1|0|0|1|1|1|1|1|1|1|1|1|1|0|0|0|1|1|0|0|0|1|1|1|1|1|1|1|1|1|1|0|0|1|0|1|0|0|1|1|1|1|1|1|1|1|1|1|0|0|0|1|1|0|0|0|1|1|1|1|1|1|1|1|1|1|0|0|1|0|1|0|0|1|1|1|1|1|1|1|1|1|1|0|0|0|1|1|0|0|0|2|1|1|1|1|1|1|1|1|1|0|0|1|0|1|0|0|1|1|1|1|1|1|1|1|1|2|0|0|0|1|1|0|0|0|0|0|0|0|1|0|0|1|0|1|0|0|1|0|1|0|0|1|0|1|0|0|1|0|0|0|0|0|0|0|1|1|0|0|0|0|0|0|0|0|0|0|0|0|0|0|0|1|0|1|0|0|0|0|0|0|0|0|0|0|0|0|0|0|0|1|1|0|0|0|0|0|0|0|1|0|0|1|0|1|0|0|1|0|1|0|0|1|0|1|0|0|1|0|0|0|0|0|0|0|1|1|0|0|0|2|1|1|1|1|1|1|1|1|1|0|0|1|0|1|0|0|1|1|1|1|1|1|1|1|1|2|0|0|0|1|1|0|0|0|1|1|1|1|1|1|1|1|1|1|0|0|1|0|1|0|0|1|1|1|1|1|1|1|1|1|1|0|0|0|1|1|0|0|0|1|1|1|1|1|1|1|1|1|1|0|0|1|0|1|0|0|1|1|1|1|1|1|1|1|1|1|0|0|0|1|1|0|0|0|1|1|1|1|1|1|1|1|1|1|0|0|1|0|1|0|0|1|1|1|1|1|1|1|1|1|1|0|0|0|1|1|0|0|0|1|1|1|1|1|1|1|1|1|1|0|0|1|0|1|0|0|1|1|1|1|1|1|1|1|1|1|0|0|0|1|1|0|0|0|1|1|1|1|1|1|1|1|1|1|2|0|1|0|1|0|2|1|1|1|1|1|1|1|1|1|1|0|0|0|1|1|0|0|0|1|1|1|1|1|1|1|1|1|1|1|0|1|0|1|0|1|1|1|1|1|1|1|1|1|1|1|0|0|0|1|1|0|0|0|1|1|1|1|1|1|1|1|1|1|1|0,6|1|0,6|1|0,6|1|1|1|1|1|1|1|1|1|1|1|0|0|0|1|1|0|0|0|1|1|1|1|1|1|1|1|1|1|1|0,6|1|0,6|1|0,6|1|1|1|1|1|1|1|1|1|1|1|0|0|2|1|1|0|0|0|1|1|1|1|1|1|1|1|1|1|1|0|1|0|1|0|1|1|1|1|1|1|1|1|1|1|1|0|2|1|1|1|0|0|0|1|1|1|1|1|1|1|1|1|1|1|0|1|0|1|0|1|1|1|1|1|1|1|1|1|1|1|0|1|1|1|1|0|0|0|1|1|1|1|1|1|1|1|1|1|1|0|1|0|1|0|1|1|1|1|1|1|1|1|1|1|1|0|0|4,3|1,4,3|1|0|0|0|1|1|1|1|1|1|1|1|1|1|1|0|1|0|1|0|1|1|1|1|1|1|1|1|1|1|1|0|1|1|1|1|0|0|0|1|1|1|1|1|1|1|1|1|1|1|0|1|0|1|0|1|1|1|1|1|1|1|1|1|1|1|0|2|1|1|1|0|0|0|1|1|1|1|1|1|1|1|1|1|1|0|1|0|1|0|1|1|1|1|1|1|1|1|1|1|1|0|0|2|1|1|0|0|0|1|1|1|1|1|1|1|1|1|1|1|0|1|0|1|0|1|1|1|1|1|1|1|1|1|1|1|0|0|0|1|1|0|0|0|1|1|1|1|1|1|1|1|1|1|1|0|1|0|1|0|1|1|1|1|1|1|1|1|1|1|1|0|0|0|1|1|0|0|0|1|1|1|1|1|1|1|1|1|1|1|0|1|0|1|0|1|1|1|1|1|1|1|1|1|1|1|0|0|0|1|1|0|0|0|1|1|1|1|1|1|1|1|1|1|1|0|1|0|1|0|1|1|1|1|1|1|1|1|1|1|1|0|0|0|1|1|0|0|0|1|1|1|1|1|1|1|1|1|1|1|0|1|0|1|0|1|1|1|1|1|1|1|1|1|1|1|0|0|0|1|1|0|0|0|1|1|1|1|1|1|1|1|1|1|1|0|1|0|1|0|1|1|1|1|1|1|1|1|1|1|1|0|0|0|1|1|0|0|0|1|1|1|1|1|1|1|1|1|1|1|0|1|0|1|0|1|1|1|1|1|1|1|1|1|1|1|0|0|0|1|1|0|0|0|1|1|1|1|1|1|1|1|1|1|1|0|1|0|1|0|1|1|1|1|1|1|1|1|1|1|1|0|0|0|1|1|0|0|0|1|1|1|1|1|1|1|1|1|1|1|0,6|1|0,6|1|0,6|1|1|1|1|1|1|1|1|1|1|1|0|0|0|1|1|0|0|0|1|1|1|1|1|1|1|1|1|1|1|0,6|1|0,6|1|0,6|1|1|1|1|1|1|1|1|1|1|1|0|0|0|1|1|0|0|0|1|1|1|1|1|1|1|1|1|1|1|0|1|0|1|0|1|1|1|1|1|1|1|1|1|1|1|0|0|0|1|1|0|0|0|1|1|1|1|1|1|1|1|1|1|1|0|1|0|1|0|1|1|1|1|1|1|1|1|1|1|1|0|0|0|1|1|0|0|0|1|1|1|1|1|1|1|1|1|1|1|0|1|0|1|0|1|1|1|1|1|1|1|1|1|1|1|0|0|0|1|1|0|0|0|1|1|1|1|1|1|1|1|1|1|1|0|1|0|1|0|1|1|1|1|1|1|1|1|1|1|1|0|0|0|1|1|0|0|0|1|1|1|1|1|1|1|1|1|1|1|0|1|0|1|0|1|1|1|1|1|1|1|1|1|1|1|0|0|0|1|1|0|0|0|1|1|1|1|1|1|1|1|1|1|1|0|1|0|1|0|1|1|1|1|1|1|1|1|1|1|1|0|0|0|1|1|0|0|0|1|1|1|1|1|1|1|1|1|1|1|0|1|0|1|0|1|1|1|1|1|1|1|1|1|1|1|0|0|0|1|1|0|0|0|1|1|1|1|1|1|1|1|1|1|1|0|1|0|1|0|1|1|1|1|1|1|1|1|1|1|1|0|0|0|1|1|0|0|0|1|1|1|1|1|1|1|1|1|1|1|0|1|0|1|0|1|1|1|1|1|1|1|1|1|1|1|0|0|0|1|1|0|0|0|1|1|1|1|1|1|1|1|1|1|1|0|1|0|1|0|1|1|1|1|1|1|1|1|1|1|1|0|0|0|1|1|0|0|0|1|1|1|1|1|1|1|1|1|1|1|0|1|0|1|0|1|1|1|1|1|1|1|1|1|1|1|0|0|0|1|1|0|0|0|1|1|1|1|1|1|1|1|1|1|1|0|1|0|1|0|1|1|1|1|1|1|1|1|1|1|1|0|0|0|1|1|0|0|0|1|1|1|1|1|1|1|1|1|1|1|0|1|0|1|0|1|1|1|1|1|1|1|1|1|1|1|0|0|0|1|1|0|0|0|1|1|1|1|1|1|1|1|1|1|1|0|1|0|1|0|1|1|1|1|1|1|1|1|1|1|1|0|0|0|1|
