0000Corrupted
48*35
4.2402*2.6496|0|0
-220,-30
Border: Solid




0

1|1|1|1|1|1|1|1|1|1|1|1|1|1|1|1|1|1|1|1|1|1|1|1|1|1|1|1|1|1|1|1|1|1|1|1|1|1|1|1|1|1|1|1|1|1|1|1|1|1|1|1|1|1|1,4,3|1|1|1|1|1|1|1|1|1|1|1|1|1|1|1|1|1|1|1|1|1|1,3|1|1|1,3|1|1|1|1|1|1|1,3|1|1|1,3|1|1|1|1|1|1|1,3|1|1|1,3|1|1|1|1|1|1|1|1|1|1|1|4,3,6|1|1|4,3,6|1|1|1|1|1|1|4,3,6|1|1|4,3,6|1|1|1|1|1|1|4,3,6|1|1|4,3,6|1|1|1|1|1|1|1|1|1|1|1|0,6|1|1|0,6|1|1|1|1|1|1|0,6|1|1|0,6|1|1|1|1|1|1|0,6|1|1|0,6|1|1|1|1|1|1|1|1|1|1|0|0|0|0|0|0|1|1|1|1|0|0|0|0|0|0|1|1|1|1|0|0|0|0|0|0|1|1|1|1|1|1|1|1|1|0|0|0|0|0|0|1|1|1|1|0|0|0|0|0|0|1|1|1|1|0|0|0|0|0|0|1|1|1|1|1|1|1|1|1|0|0|0|0|0|0|1|1|1|1|0|0|0|0|0|0|1|1|1|1|0|0|0|0|0|0|1|1|1|1|1|1|1|1|1|0,1|0,1|0,1|0,1|0,1|0,1|0,1,6|0,1,6|0,1,6|0,1,6|0,1|0,1|0,1|0,1|0,1|0,1|1|1|1|1|0|0|0|0|0|0|1|1|1|1|1|1|1|1|1|0|0|0|0|0|0|1|1|1|1|0|0|0|0|0|0|1|1|1|1|0|0|0|0|0|0|1|1|1|1|1|1|1|1|1|0|0|0|0|0|0|1|1|1|1|0|0|0|0|0|0|1|1|1|1|0|0|0|0|0|0|1|1|1|1|1|1|1|1|1|0|0|0|0|0|0|1|1|1|1|0|0|0|0|0|0|1|1|1|1|0|0|0|0|0|0|1|1|1|1|1|1|1|1|1|0|0|0|0|0|0|1|1|1|1|0|0|0|0|0|0|1|1|1|1|0|0|0|0|0|0|1|1|1|1|1|1|1|1|1|0|0|0|0|0|0|1|1|1|1|0,1|0,1|0,1|0,1|0,1|0,1|0,1,6|0,1,6|0,1,6|0,1,6|0,1|0,1|0,1|0,1|0,1|0,1|1|1|1|1|1|1|1|1|1|0|0|0|0|0|0|1|1|1|1|0|0|0|0|0|0|1|1|1|1|0|0|0|0|0|0|1|1|1|1|1|1|1|1|1|0|0|0|0|0|0|1|1|1|1|0|0|0|0|0|0|1|1|1|1|0|0|0|0|0|0|1|1|1|1|1|1|1|1|1|0|0|0|0|0|0|1|1|1|1|0|0|0|0|0|0|1|1|1|1|0|0|0|0|0|0|1|1|1|1|1|1|1|1|1|0|0|0|0|0|0|1|1|1|1|0|0|0|0|0|0|1|1|1|1|0|0|0|0|0|0|1|1|1|1|1|1|1|1|1|0|0|0|0|0|0|1|1|1|1|0|0|0|0|0|0|1|1|1|1|0|0|0|0|0|0|1|1|1|1|1|1|1|1|1|0|0|0|0|0|0|1|1|1|1|0|0|0|0|0|0|1|1|1|1|0|0|0|0|0|0|1|1|1|1|1|1|1|1|1|0,1|0,1|0,1|0,1|0,1|0,1|0,1,6|0,1,6|0,1,6|0,1,6|0,1|0,1|0,1|0,1|0,1|0,1|1|1|1|1|0|0|0|0|0|0|1|1|1|1|1|1|1|1|1|0|0|0|0|0|0|1|1|1|1|0|0|0|0|0|0|1|1|1|1|0|0|0|0|0|0|1|1|1|1|1|1|1|1|1|0|0|0|0|0|0|1|1|1|1|0|0|0|0|0|0|1|1|1|1|0|0|0|0|0|0|1|1|1|1|1|1|1|1|1|0|0|0|0|0|0|1|1|1|1|0|0|0|0|0|0|1|1|1|1|0|0|0|0|0|0|1|1|1|1|1|1|1|1|1|0|0|0|0|0|0|1|1|1|1|0|0|0|0|0|0|1|1|1|0,6|0|0|0|0|0|0|1|1|1|1|1|1|1|1|1|0|0|0|0|0|0|1|1|1|1|0|0|0|0|0|0|0,6|1|0,6|0,6|0|0|0|0|0|0|1|1|1|1|1|1|1|1|1|0|0|0|0|0|0|1|1|1|1|0|0|0|0|0|0|0,6|0,6|0,6|0,6|0|0|0|0|0|0|1|1|1|1|1|1|1|1|1|0|0|0|0|0|0|1|1|1|1|0|0|0|0|0|0|0,6|0,6|0,6|0,6|0|0|0|0|0|0|1|1|1|1|1|1|1|1|1|0|0|0|0|0|0|1|1|1|1|0|0|0|0|0|0|0,6|0,6|0,6|0,6|0|0|0|0|0|0|1|1|1|1|1|1|1|1|1|0|0|0|0|0|1|1|1|1|1|0|0|0|0|0|0,6|0,6|0,6|0,6|0,6|0|0|0|0|0|0|1|1|1|1|1|1|1|1|1|0|0|0|0|0|1|1|1|1|1|0|0|0|0|0|0,6|0,6|0,6|0,6|0,6|0|0|0|0|0|0|1|1|1|1|1|1|1|1|1|0|0|0|0|0|1|1|1|1|1|0|0|0|0|0|0,6|0,6|0,6|0,6|0,6|0|0|0|0|0|0|1|1|1|1|1|1|1|1|1|0|0|0|0|0|0|1|1|1|1|0|0|0|0|0|0|0,6|0,6|0,6|0,6|0,6|0|0|0|0|1|1|1|1|1|1|1|1|1|1|0,6|0|0|0|0|0|1|1|1|1|0|0|0|0|0|0|0,6|0,6|0,6|0,6|0,6|0|0|0|0|1|1|1|1|1|1|1|1|1|1|0,6|0|0|0|0|0|1|1|1|1|0|0|0|0|0|0|0,6|0,6|0,6|0,6|0|0|0|0|0|1|1|1|1|1|1|1|1|1|1|1|0,6|0|0|0|0|1|1|1|1|0|0|0|0|0|0|0,6|0,6|0,6|0|0|0|0|0|0,6|1|1|1|1|1|1|1|1|1|1|1|0,6|0,6|0|0|0|1|1|1|1|0,6|0|0|0|0|0|0,6|0,6|0,6|0|0|0|0|0|0,6|1|1|1|1|1|1|1|1|1|1|1|1|1|0|0|0|0|1|1|1|0,6|0|0|0|0|0|0|0,6|0,6|0,6|0|0|0|0,6|0,6|1|1|1|1|1|1|1|1|1|1|1|1|1|1|0|0|0|1|1|1|0|0|0|0|0|0|0|0,6|0,6|0,6|0,6|0,6|0,6|0,6|0,6|1|1|1|1|1|1|1|1|1|1|1|1|1|1|0|0|0|1|1|0|0|0|0|0|0|0|0|0|0|0,6|0,6|0,6|0,6|0,6|0,6|1|1|1|1|1|1|1|1|1|1|1|1|1|1|0,6|0|0|0|0|0|0|0|0|0|0|0|0|0|0,6|0,6|0,6|0,6|0,6|0,6|0,6|1|1|1|1|1|1|1|1|1|1|1|1|1|1|0,6|0,6|0,6|0|0|0|0|0|0|0|0|0|0|0,6|0,6|0,6|0,6|0,6|0,6|0,6|0,6|1|1|1|1|1|1|1|1|1|1|1|1|1|1|1|0,6|0,6|0|0|0|0|0|0|0|0|0|0,6|0,6|0,6|0,6|0,6|0,6|0,6|0,6|0,6|1|1|1|1|1|1|1|1|1|1|1|1|1|1|1|1|1|0,6|0,6|0,6|0,6|0,6|0,6|0,6|0,6|0,6|0,6|0,6|0,6|0,6|0,6|0,6|0,6|0,6|1|1|1|1|1|1|1|1|1|1|1|1|1|1|1|1|1|1|1|1|1|1|1|1|0,6|0,6|0,6|0,6|0,6|0,6|0,6|0,6|0,6|0,6|1|1|1|1|1|1|1|1|1|1|1|1|1|1|1|1|1|1|1|1|1|1|1|1|1|1|1|1|0,6|0,6|0,6|0,6|0,6|0,6|0,6|1|1|1|1|1|1|1|1|1|1|1|1|1|1|1|1|1|1|1|1|1|1|1|1|1|1|1|1|1|1|1|1|1|1|1|1|1|1|1|1|1|1|1|1|1|1|1|1|1|1|1|1|1|1|1|1|1|1|1|1|1|1|1|1|1|1|1|1|1|1|1|1|1|1|1|1|1|
