SU_A20
48*35
0.6749*2.9231|0|0
-220,-30
Border: Passable




0

1|1|1|1|1|1|1,3|1,3|1,3|1,3|1,3|1,3|1,3|1,3|1,3|1|1|1|1,9,3|1|1|1|1|1|1|1|1|1|1|1|1|1|1|1|1|1|1|1,9,3|1|1|1|1,3|1|1|1|1|1|1|1|1,3|1|1|1|1,3|1|1|1|1|1|1|1|1|1|1|1|1|1|1|1|1|1|1|4,3,6|1|1|1|1,3|1|1|1|1|1|1|1|4,3,6|1|1|1|4,3,6|1|1|1|1|1|1|1|1|1|1|1|1|1|1|1|1|1|1|0,2,6|1|1|1|4,3,6|1|1|1|1|1|1|1|0,6|1|1|1|0,6|1|1|1|1|1|1|0,6|0,6|0,6|0,6|0,6|0,6|0,6|0,6|1|1|0|0|0,2|0|2|1|0,2,6|1|1|1|1|1|1|0,6|0,6|1|1|1|0,6|1|1|1|1|1|1|0,6|1|1|1|0,6|1|1|0,6|1|1|0|0|0,2|0|0|0|0,2|0,6|1|1|1|1|1|0,6|0,6|1|1|1|0,6|0,6|0,6|0,6|0,6|0,6|0,6|0,6|1|1|1|0,6|1|1|0,6|1|1|0|0|0,2|0|0|0|0,2|0,6|1|1|1|1|1|0|0|1|1|1|0,6|1|1|1|1|1|1|0,6|1|1|1|0,6|1|1|0,6|1|1|0|0|0|0|0|0|0,2|0,6|1|1|1|1|1|0|0|1|1|1|0,6|1|1|1|1|1|1|0,6|0,6|0,6|0,6|0,6|1|1|0,6|1|1|0|0|0|0|0|0|0,2|0|0,6|1|1|1|1|0|0|1|1|1|0,6|1|1|1|1|1|1|0,6|1|1|1|0,6|1|1|0,6|1|1|0|0|0,6|0,6|0,6|0,6|0|0|0,6|1|1|1|1|0|0|1|1|2,6|0,6|2,6|1|1|1|1|1|4,3,6|1|1|1|0,6|1|1|0,6|1|1|0|0|0,6|0,6|0,6|0,6|0|0|0|1|1|1|1|0|0|1|1|0,6|0,6|0,6|2,6|1|1|1|1|1,5,3|1|1|1|0,6|0,6|0,6|0,6|1|1|0|0|0,6|0,6|0,6|0,6|0|0|0|1|1|1|1|0|0|1|1|0,6|0,6|0,6|0,6|2,6|1|1|1|1|1|1|1|1|1|0,6|1|1|1|0|0|0,6|0,6|0,6|0,6|0|0|0|1|1|1|1|0|0|1|1|0|0|0|0|0|2|1|1|1|1|1|1|1|1|0,6|1|1|1|0|0,6|0,6|0,6|0,6|0,6|0,6|0,6|0,6|1|1|1|1|0,6|0,6|1|1|2,6|0,6|0,6|0,6|0,6|0,6|1|1|1|1|1|1|1|1|0,6|1|1|1|0,6|0,6|0,6|0,6|0,6|0,6|0,6|0,6|0,6|2,6|1|1|1|0,6|0,6|1|1|1|0,1,6|0,1,6|0,1,6|0,1,6|0,1,6|1|1|1|2,6|0,6|0,2,6|0,2,6|0,6|0,6|1|1|1|0|0,6|0,6|0,6|0,6|0,6|0,6|0,6|0,6|0,6|2,6|1|1|0,6|0,6|1|1|2,6|0,6|0,6|0,6|0,6|0,6|3,6|0,6|0,6|0,6|0,6|0,2,6|0,2,6|0,6|0,6|1|1|1|0|0,6|0,6|0,6|0,6|0,6|0,6|0,6|0,6|0,6|0,6|0,6|0,6|0,6|0,6|0,6|0,6|0,6|0,6|0,6|0,6|0,6|0,6|3,6|0,6|0,6|0,6|0,6|0,6|0,6|0,6|0,6|1|1|1|0|0|0,6|0,6|0,6|0,6|0|0|0|0|0|0|0|0|0|0|0|0|0|0|0|0|0|3|0|0|0|0|0|0|0|0|1|1|1|0|0|0,6|0,6|0,6|0,6|0|0|0|0|0|0|0|0|0|0|0|0|0|0|0|0|0,1|3,1|0,1|0,1|0,1|0,1|0,1|0,1|0,1|0,1|3,1,6|4,3,1,6|1,3|0|0|0,6|0,6|0,6|0,6|0|0|0|0|0|0|0|0|0|0|0|0|0|0|0|0|0|3|0|0|0|0|0|0|0|0|1|1|1|0|0|0,6|0,6|0,6|0,6|0|0|0|0|0|0|0|0|0|0|0|0|0|0|0|0|0|0|0|0|0|0|0|0|0|0|3,6|4,3,6|1,3|0|0|0,6|0,6|0,6|0,6|0|0|0|0|0|0|0|0|0|0|0|0|0|0|0|0|0|0|0|0|0|0|0|0|0|0|1|1|1|0|0|0,6|0,6|0,6|0,6|0|0|0|0|0|0|0|0|0|0|0|0|0|0|0|0|0|0|0|0|0|0|0|0|0|0|3,6|4,3,6|1,5,3|0|0|0,6|0,6|0,6|0,6|0|0|0|0|0|0|0|0|0|0|0|0|0|0|0|0|0|0|0|0|0|0|0|0|0|0|1|1|1|0|0|0,6|0,6|0,6|0,6|0|0|0|0|0|0|0|0|0|0|0|0|0|0|0|0|0|0|0|0|0|0|0|0|0|0,6|1|1|1|0|0|0,6|0,6|0,6|0,6|0|0|0|0|2|1|1|0|0|1|1|2|0|0|0|0|0|0|0|0|0|0|0|0|0,6|2,6|1|1|1|0|0|0,6|0,6|0,6|0,6|0|0|0|2|1|1|1|0|0|1|1|1|0,1|0,1|0,1|0,1|0,1|0|0|0|0|0,1|0,1|0,1|0,1,6|1|1|1|1|0|0|0,6|0,6|0,6|0,6|0|0|0|1|1|1|1|0|0|1|1|2|0|0|0|0|0|0|0|0|0|0|0|0|0,6|2,6|1|1|1|0|0|0,6|0,6|0,6|0,6|0|0|0|1|1|1|1|0|0|1|1|0|0|0|0|0|0|0|0|0|0|0|0|0|0|0,6|1|1|1|0|0|0,6|0,6|0,6|0,6|0|0|0|1|1|1|1|0|0|1|1|0|0|0|0|0|0|0|0|0|0|0|0|0|0|0,6|1|1|1|0|0|0,6|0,6|0,6|0,6|0|0|0|1|1|1|1|0|0|1|1|0|0|0|0|0|0|0|0|0|0|0|0|0|0|0,6|1|1|1|0|0|0,6|0,6|0,6|0,6|0|0|0|1|1|1|1|0|0|1|1|2|0|0|0|0|0|0|0|0|0|0|0|0|0|2|1|1|1|0|0|0,6|0,6|0,6|0,6|0|0|0|1|1|1|1|0|0|1|1|1|0,1|0,1|0,1|0,1|0|0|0|0|0|0|0,1|0,1|0,1|1|1|1|1|0|0|0,6|0,6|0,6|0,6|0|0|0|1|1|1|1|0|0|1|1|2|0|0|0|0|0|0|0|0|0|0|0|0|0|2|1|1|1|0|0,6|0,6|0,6|0,6|0,6|0,6|0,6|0,6|1|1|1|1|0,6|0,6|1|1|0,6|0,6|0,6|0,6|0,6|0,6|0,6|0,6|0,6|0,6|0,6|0,6|0,6|0,6|0,6|1|1|1|0,6|0,6|0,6|0,6|0,6|0,6|0,6|0,6|0,6|1|1|1|1|0,6|0,6|1|1|0,6|0,6|0,6|0,6|0,6|0,6|0,6|0,6|0,6|0,6|0,6|0,6|0,6|0,6|0,6|1|1|1|0,6|0,6|0,6|0,6|0,6|0,6|0,6|0,6|0,6|1|1|1|1|0,6|0,6|1|1|0,6|0,6|0,6|0,6|0,6|0,6|0,6|0,6|0,6|0,6|0,6|0,6|0,6|0,6|0,6|1|1|1|0|0,6|0,6|0,6|0,6|0,6|0,6|0,6|0,6|1|1|1|1|1|0,6|1|1|2,6|0,6|0,6|0,6|0,6|0,6|3,6|0,6|0,6|0,6|0,6|0,6|0,6|0,6|2,6|1|1|1|0|0|0,6|0,6|0,6|0,6|0|0|0|1|1|1|1|1|4,3,6|1|1|1|0,1|0,1|0,1|0|0|3|0|0|0|0|0,1|0,1|0,1|1|1|1|1|0|0|0,6|0,6|0,6|0,6|0,2|0|0|1|1|1|1|1|1,3|1|1|2|0|0|0|0|0|3|0|0|0|0,6|0,6|0,6|0,6|2,6|1|1|1|0|0|0,6|0,6|0,6|0,6|0,2|0|0,6|1|1|1|1|1|1,3|1|1|0|0|0|0|0|0|3|0|0|0|0,6|0,6|0,6|0,6|0,6|1|1|1|0|0|0,2,6|0,6|0,6|0,6|0,2|0|1|1|1|1|1|1|1,3|1|1|0|0|0|0|0|0|3|0|0|0|0,6|0,6|0,6|0,6|0,6|1|1|1|0|0|0,2|0|0|0|0,2|0|1|1|1|1|1|1|1,3|1|1|0|0|0|0|0|0|3|0|0|0|0,6|0,6|0,6|0,6|1|1|1|1|0|0|0,2|0|2|1|0,2,6|1|1|1|1|1|1|1|1,3|1|1|0,1,6|0,1,6|0,1,6|0,1,6|0,1,6|0,1,6|1|1|1|2,6|0,6|0,6|0,6|0,6|1|1|1|1|1|1|0,2,6|1|1|1|4,3,2,6|1|1|1|1|1|1|1|1,3|1|1|2,6|0,6|0,6|0,6|0,6|0,6|1|1|1|1|2,6|0,6|0,6|0,6|1|1|1|1|1|1|4,3,6|1|1|1|1,3|1|1|1|1|1|1|1|1,3|1|1|1|0,6|1|0,6|1|0,6|1|1|1|1|1|1|1|0,6|1|1|1|1|1|1|1,3|1|1|1|1,3|1|1|1|1|1|1|1|1,3|1|1|1|4,3,6|1|4,3,6|1|4,3,6|1|1|1|1|1|1|1|4,3,6|1|1|1|1|1|1|1,9,3|1|1|1|1,4,3|1|1|1|1|1|1|1|1,3|1,3|1,3|1,3|1,3|1|1,4,3|1|1,3|1,3|1,3|1,3|1,3|1,3|1,3|1,3|1,3|1|1|1|1|
