SU_A25
48*35
1.1695*3.8252|0|0
-220,-30
Border: Solid
0,11,30|0,13,30|1,16,30|1,18,30|1,26,17|



0

1|1,4,3|1|1,4,3|1|1|1|1|1|1|1|1|1|1|1|1|1|1|1|1|1,3|1,3|1,3|1,3|1,3|1,3|1,3|1,3|1,3|1,3|1,3|1,3|1,3|1,3|1,4,3|1|1,3|1|1,3|1|1|1|1|1|1|1|1|1|1|1|1|1|1|1|1|1,3|1|1|1|1|1|1|1|1|1|1|1|1|1|1|1|1,3|1|1,3|1|1|1|1|1|1|1|1|1|1|1|1|1|1|1|1|1,3|1|1|1|1|1|0,6|0,6|0,6|0,6|1|1|1|1|1|1|1,3|1|1,3|1|1|1|1|1|1|1|1|1|1|1|1|1|1|1|1|4,3,6|1|1|1|1|1|0,6|1|1|0,6|1|1|1|1|1|1|1,3|1|1,3|1|1|1|1|1|1|1|1|1|1|1|1|1|1|1|1|0,6|1|1|1|1|1|0,6|1|1|0,6|1|1|1|1|1|1|1,3|1|1,3|1|1|1|1|1|1|1|1|1|1|2,6|0,6|2,6|1|1|2|0|0|1|1|1|1|0,6|1|0,6|0,6|1|1|1|1|1|1|1,3|1|1,3|1|1|1|1|1|1|1|1|2,6|0|0|0|0|0|0,6|0|0|0|2|1|1|1|0,6|1|0,6|1|1|1|1|1|1|1|1,3|1|1,3|1|1|1|1|1|1|1|1|0|0|0|0|0|0|0,6|0|0|0|0|0|0,6|1|0,6|1|0,6|1|1|1|1|1|1|1|1,3|1|1,3|1|1|1|1|1|1|2,6|0|0|0|0|0|0|0|0,6|0,6|0|0|0|0|0,6|1|0|1|0,6|1|1|1|1|1|1|1|1,3|1|1,3|1|1|1|1|1|1|0,6|0,6|0,6|0,6|0,6|0|0|0|0,6|0,6|0|0|0|0|0,6|1|0|1|0|2|1|1|1|1|1|1|1,3|1|1,3|1|1|1|1|1|1|1|2|0|0|0,6|0|0|0|0,6|0,6|0|0|0|0|0|1|0|1|0|0|1|1|1|1|1|1|1,3|1|1,3|1|1|1|1|1|1|1|1|0|0|0,6|0|0|0|0,6|0,6|0|0|0|0|0|3,6|0|1|0|0|1|1|1|1|1|1|1,3|1|1,3|1,3|1,3|1,3|1,3|1,3|1,3|4,3,6|0,1,6|0,1|0|0,6|0|0|0|0,6|0|0|0|0|0|0|1|0|1|0|0|1|1|1|1|1|1|1,3|1|1|1|1|1|1|1|1|1|1|0|0|0,6|0|0|0|0,6|0|0|0|0|0|0|1|1|1|0|0|1|1|1|1|1|1|1,3|1,3|1,3|1,3|1,3|1,3|1,3|1,3|1,3|4,3,6|0,1,6|0,1|0,1|0,1,6|0,1|0,1|0|0,6|0|0|0|0,1|0,1|0,1|1|1|1|0,1|0,1|3,1,6|4,3,6|1,3|1,3|1,9,3|1|1|1|1|1|1|1|1|1|1|1|1|0|0|0,6|0|0|0|0,6|0|0|0|0|0|0|1|1|1|0|0|1|1|1|1|1|1|1,3|1,3|1,3|1,3|1,3|1,3|1,3|1,3|1,3|4,3,6|0,1,6|0,1|0,1|0,1,6|0,1|0,1|0|0,6|0|0|0|0|0|0|1|0|1|0|0|1|1|1|1|1|1|1|1|1|1|1|1|1|1|1|1|1|0|0|0,6|0|0|0|0,6|0|0|0|0|0|0|1|0|1|0|0|1|1|1|1|1|1|1|1|1|1|1|1|1|1|1|1|2|0|0|0,6|0|0|0|0,6|0|0|0|0|0|0|1|0|1|0|0|1|1|1|1|1|1|1|1|1|1|1|1|1|1|1|0,6|0|0|0|0,6|0|0|0|0,6|0|0,6|0,6|0,6|0,6|0,6|1|0,6|1|0,6|2,6|1|1|1|1|1|1|1|1|1|1|1|1|1|1|1|0,6|0|0|0|0,6|0|0|0|0,6|0|0,6|0|0|0|0|1|0|1|0|1|1|1|1|1|1|1|1|1|1|1|1|1|1|1|1|0,6|0|0|0|0,6|0|0|0|0,6|0|0,6|0|0|0|0,6|1|0|1|0|1|1|1|1|1|1|1|1|1|1|1|1|1|1|1|1|0,6|0|0|0|0,6|0|0|0,6|0,6|0,6|0,6|0,6|0,6|0,6|0,6|1|1|1|1|1|1|1|1|1|1|1|1|1|1|1|1|1|1|1|1|0,6|0|0|0|0,6|0,6|0,6|1|1|1|1|1|1|1|0,6|1|1|1|1|1|1|1|1|1|1|1|1|1|1|1|1|1|1,9,3|1|1|2,6|0|0|0|0|0|0|1|1|1|1|1|1|1|0,6|1|1|1|1|1|1|1|1|1|1|1|1|1|1|1|1,3|1|1,3|1|1|1|0|0|0|0|0|0|1|1|1|1|1|1|1|0,6|1|1|1|1|1|1|1|1|1|1|1|1|1|1|1|1,3|1|1,3|1|1|1|2,6|0,6|0,6|0,6|0,6|0,6|1|1|1|1|1|1|1|0,6|1|1|1|1|1|1|1|1|1|1|1|1|1|1|1|1,3|1|1,3|1|1|1|1|0|0|0|0|0|0,6|0,6|0,6|0,6|0,6|0,6|0,6|0,6|1|1|1|1|2,6|0,6|0,6|2,6|1|1|1|1|0,6|1|1|4,3,6|1|4,3,6|1|1|2,6|0|0|0|0|0|0|0|0,6|0|0,6|0,6|0|0|0,6|1|0,6|1|0|0|0|0|0,6|0,6|1|0,6|1|0|1|1|0,6|1|0,6|1|2|0|0|0|0|0|0|0|0|0,6|0|0,6|0,6|0|0|0,6|1|0,6|1|0|0|0|0|0|0,6|2,6|0|1|0|1|0|0|0|0|3|0|0|0|0|0|0|0|0|0|0,6|0|0,6|0,6|0|0|0|1|0|1|0|0|0|0|0|0|0,6|0|1|0|1|0|0|0|0|3|0|0|0|0|0|0|0|0|0|0,6|0|0,6|0,6|0|0|0|1|0|1|0|0|0|0|0|0|0|0|1|1|1|0|0|0|0|3|0|0|0|0|0|0|0|0|0|0,6|0|0,6|0|0|0|0|1|1|1|0|0|0|0|0|0|0|0,1|1|1|1|0,1|0,1|0,1|0,1|3,1|0,1|0,1|0,1|0,1|0,1|0,1|0,1|0,1|0,1|0,1,6|0,1|0,1,6|0,1|0,1|0,1|0,1|1|1|1|0|0|0|0|0|0|0|0|1|1|1|0|0|0|0|3|0|0|0|0|0|0|0|0|0|0,6|0|0,6|0|0|0|0|1|1|1|0|0|0|0|0|0|0|0|1|0|1|0|0|0|0|3|0|0|0|0|0|0|0|0|0|0,6|0|0,6|0|0|0|0|1|0|1|0|0|0|0|0|0|0|0|1|0|1|0|0|0|0|3|0|0|0|0|0|0|0|0|0|0,6|0|0,6|0|0|0|0,6|1|0|1|0|0|0|0|0|0|0|0,6|1|0|1|1|0,6|1|0,6|1|2|0|0|0|0|0|0|0|0|0,6|0|0,6|0|0|0|0,6|1|0|1|0|0|0|0|0|0|0|2,6|1|0,6|1|1|4,3,6|1|4,3,6|1|1|2|0|0|0|0|0|0|0|0,6|0|0,6|0|0|0,6|0,6|1|0,6|1|0|0|0|0|0|0|0,6|1|1|1|1|1|1,3|1|1,3|1|1|1|0|0|0|0|0|0|0,6|0,6|0,6|0,6|0,6|0,6|0,6|0,6|1|0,6|1|0|0|0|0|0|0,6|0,6|1|1|1|1|1|1,3|1|1,3|1|1|1|0,6|0|0|0|0|0|1|1|1|1|1|1|1|0,6|1|1|1|1|1|1|2,6|0,6|2,6|1|1|1|1|1|1|1,3|1|1,3|1|1|1|1|2,6|0,6|1|1|1|1|1|1|1|1|1|1|0,6|1|1|1|1|1|1|1|1|1|1|1|1|1|1|1|1,3|1|1,3|1|1|1|1|1|0,6|1|1|1|1|1|1|1|1|1|1|0,6|1|1|1|1|1|1|1|1|1|1|1|1|1|1|1|1,3|1|1,3|1|1|1|1|1|0,6|1|1|1|1|1|1|1|1|1|1|0,6|1|1|1|1|1|1|1|1|1|1|1|1|1|1|1|1,3|1|1,3|1|1|1|1|1|0,6|1|1|1|1|1|1|1|1|1|1|0,6|1|1|1|1|1|1|1|1|1|1|1|1|1|1|1|1|1|1,3|1|1|1|1|1|0,6|0,6|0,6|0,6|0,6|0,6|0,6|0,6|0,6|0,6|0,6|0,6|1|1|1|1|1|1|1|1|1|1|1|1|1|1|1|1|1|1,3|1|1|1|1|1|1|1|1|1|1|1|1|1|1|1|1|1|1|1|1|1|1|1|1|1|1|1|1|1,4,3|1,3|1,3|1,3|1,3|1,3|1,3|1|1|1|1|1|1|1|1|1|1|1|1|1|1|1|1|1|1|1|1|1|1|1|1|1|1|1|
